0.991123
1.128137
0.859661
0.920376
1.090418
0.771461
0.828135
1.023851
1.072341
0.880581
0.958337
1.376229
1.075860
0.892406
1.153837
1.017174
0.904439
0.894883
0.797394
0.783475
1.176289
0.848975
0.841774
0.786514
1.152505
1.074646
1.150416
1.189233
0.937830
0.841989
1.127266
1.075093
0.931623
0.893408
1.017223
1.005222
0.736608
0.690090
1.058140
1.322487
1.355623
0.695490
0.917077
0.791303
0.890146
0.931137
1.084588
1.047319
0.873687
1.272660
1.103744
0.962494
1.200676
0.512476
0.855583
0.677064
1.057240
1.019332
0.866359
1.037674
1.220657
1.149874
1.564312
1.238671
1.261808
1.033699
1.110266
0.832178
0.918570
1.429057
0.937559
0.888938
1.049657
1.023688
1.181267
0.624986
0.835058
1.100067
1.012242
1.019358
0.881523
0.901175
0.901935
1.100785
1.016269
1.278687
1.091690
0.879532
1.092945
0.926402
1.133811
0.941168
1.157830
1.013389
1.025160
0.807341
1.285606
1.131436
0.952609
1.033254
1.250390
1.341948
0.769571
0.944562
1.043212
0.912172
0.765807
1.131947
1.023532
1.027148
1.285827
0.935602
0.886977
0.776056
1.159770
0.995366
1.068330
0.918927
0.876156
0.591837
1.171847
1.247353
0.986192
0.878653
0.917834
1.084230
0.859701
0.960065
1.621027
0.688408
1.144689
1.523352
0.663329
0.987371
0.957303
1.277056
1.065389
1.410565
0.734585
1.036923
0.678710
0.786527
0.977645
1.079572
1.244353
1.031410
1.238386
0.945638
1.100574
1.179970
1.063097
0.721450
0.950052
0.566548
0.822427
1.148962
0.974407
0.992908
0.919631
0.951583
1.061824
0.925689
0.979817
1.600409
1.088286
1.164926
0.913267
1.113381
1.105684
1.123821
1.094901
1.466988
0.916374
0.839143
1.076649
1.115860
1.259276
1.140016
0.935617
1.097458
1.221871
1.217718
0.939340
1.021266
0.787791
0.795811
1.088936
1.074142
1.208899
0.919982
0.987712
1.011196
1.059897
1.033440
0.794995
1.260178
1.146338
1.307135
0.852898
1.040543
0.883493
0.848590
0.890885
1.193119
0.970890
0.810077
0.908306
1.038666
1.091022
0.750872
1.171956
0.830572
1.039467
1.091441
0.840745
0.940907
1.220366
1.092351
1.126751
0.998766
0.825338
0.951902
0.963967
0.933678
0.766459
0.981468
1.162183
0.921101
0.947987
1.221421
1.168129
1.044984
0.830880
1.053276
1.098050
0.869654
0.698994
1.361902
0.988942
1.319236
0.833604
0.887935
0.807160
1.038029
1.203623
0.941304
1.003227
1.247000
0.973582
0.904306
1.206634
0.849192
0.841345
1.009321
1.366068
1.003554
1.063325
1.074332
0.971091
0.859601
0.835330
0.835154
1.139037
0.935930
1.235514
0.917880
0.991605
1.053826
0.500874
0.959450
1.159960
0.837352
0.976549
0.591437
1.136129
1.312441
0.921591
0.775057
1.016406
1.106187
0.924001
0.585437
1.126514
0.510557
0.870506
1.256096
1.069914
0.856309
0.972544
0.950426
1.111528
1.009558
1.104900
0.854756
1.083624
0.998349
0.984870
1.221815
1.010184
0.756773
1.118174
1.070125
0.609126
0.924438
1.056590
1.100097
0.707038
1.020915
1.828724
0.887882
0.703255
0.874725
0.736923
0.879644
1.203197
0.851692
0.912768
1.087271
1.063499
1.280121
1.062294
0.979978
1.308859
1.268093
0.965784
1.014826
1.037688
1.082712
1.106856
1.226145
1.073724
0.779387
1.229848
0.776840
0.944238
0.936507
1.409230
0.786070
1.393876
1.220218
0.920741
1.053637
1.095119
1.112598
1.078060
0.663185
0.938466
0.515859
0.984126
1.098294
1.056216
0.931221
1.010079
1.027476
1.121918
0.950070
0.670060
0.979623
1.050259
1.133100
1.322086
1.154209
0.772437
0.845291
1.157250
0.879877
0.817744
1.256380
1.107296
0.871473
1.018295
0.577110
1.196041
0.999758
1.111839
0.858510
1.061910
1.057512
0.867198
1.018684
1.325368
0.972076
1.180671
1.386920
0.816889
1.127863
1.029813
1.330728
1.109482
0.896622
1.130608
1.088352
1.236441
1.086887
0.998127
1.023545
0.912286
1.275907
0.782452
1.015080
1.068174
0.893986
1.260515
1.151500
1.067215
0.818590
0.998581
1.015663
0.915687
1.029124
0.716093
1.241720
0.572151
0.877584
1.077919
0.972304
0.929212
0.904107
1.087908
0.945060
0.989192
0.846035
1.236705
0.876523
0.850214
1.198943
1.022093
0.980777
0.819317
0.861169
0.981509
0.772824
0.620449
0.835321
1.026498
1.003110
1.046032
0.845141
1.046888
1.120454
0.905097
0.932086
0.943903
1.157752
1.320036
0.813847
0.951139
1.095748
1.011241
1.048294
1.145063
1.019318
1.128754
0.865522
0.822103
0.847269
1.151339
0.820752
0.888066
1.242361
1.069936
1.339077
1.300814
0.855475
0.877265
0.916063
1.066037
0.929169
0.991281
1.057076
0.732022
0.948632
0.843870
0.502127
0.799426
1.052673
0.926746
1.099009
0.978539
0.938436
1.393108
0.961591
0.901111
1.269790
0.885261
1.163694
1.272824
0.788355
0.917713
0.639346
1.053306
1.113080
0.939637
1.026575
1.119722
0.810122
0.951368
1.100232
1.268170
0.812575
0.846817
0.962833
0.882030
1.360912
0.770133
0.919435
0.748365
1.270139
0.802888
0.931125
1.205410
0.921598
1.071719
1.004042
0.761185
1.395006
1.175461
1.029147
1.188724
0.723651
1.198294
1.073757
0.668964
1.313794
1.013746
1.048347
0.823669
0.936244
0.793976
1.000028
0.931425
1.312509
1.067686
0.950982
1.196609
0.984833
1.003975
1.087676
0.910254
1.175055
0.935734
0.708571
0.980969
0.978633
0.939563
0.953332
0.926913
1.024971
1.128448
1.401125
1.061737
0.767155
1.083318
0.885092
0.828267
1.520049
1.006792
1.056516
0.945272
1.096026
1.083348
0.969398
1.420231
1.107185
1.175668
0.864369
1.050899
0.671467
1.014488
1.257526
1.156136
0.965410
0.876756
0.862212
0.910730
1.271702
1.096355
0.679490
1.155074
0.865053
0.922565
0.833713
1.183589
1.169961
1.023428
1.046705
0.667052
0.931970
0.942009
0.965975
1.129963
0.949869
1.371597
1.003185
1.027400
1.140375
1.080444
1.058487
1.031099
0.885205
0.855368
0.587878
0.882081
1.085262
1.179974
1.028670
1.468576
0.846691
1.179193
0.989090
0.838070
1.040872
1.203240
1.159466
0.990595
1.004647
0.994922
1.166372
1.109055
0.891178
0.859849
0.755098
0.873162
1.121988
0.277507
0.826994
0.487246
1.201230
1.038056
1.045661
0.985025
0.541054
1.093882
0.915177
1.303530
1.064036
0.776303
1.207211
1.268593
0.815239
0.641463
0.993526
0.524530
0.931704
0.908581
1.389617
0.761078
1.550111
0.924160
0.614304
0.912179
1.135455
0.863687
1.248985
0.971976
0.990227
1.031120
0.852768
0.972364
1.163512
1.549716
0.950027
0.936839
0.947563
0.978988
1.035799
0.766719
0.324824
0.763565
1.268962
0.899891
1.076963
1.018354
0.892526
0.850670
1.093393
1.405631
0.859020
1.280416
1.157417
1.706722
0.968236
0.471907
1.073399
0.770426
1.135440
0.590184
1.265388
1.410881
0.771861
0.700230
0.999956
1.138827
0.993863
1.390435
0.997802
1.327353
0.911022
0.841886
1.060182
0.787977
0.496138
1.063040
1.021290
0.955738
1.143100
1.139893
0.851109
1.021713
1.001313
0.968244
0.740105
1.254772
0.866930
1.177661
0.935070
0.956719
1.224812
1.185560
1.177378
1.169405
1.085936
0.708355
0.967142
0.918578
0.950273
0.976076
1.127111
1.271436
1.090998
1.151371
1.004266
1.044224
1.157048
1.299061
0.855972
1.010550
0.880382
1.214763
1.017875
1.053884
0.750348
1.119088
1.027365
1.038758
0.811053
0.896984
0.960132
0.884706
0.992815
0.857331
0.901021
1.169718
1.025329
1.058202
1.560257
0.984940
0.997565
0.855398
0.902133
1.024121
1.103645
1.091788
1.060940
1.030052
0.968809
1.557303
1.140392
1.081771
1.044384
1.065755
0.899818
0.898527
0.928082
1.018651
1.194214
1.023675
0.410587
1.093368
1.057510
1.042340
1.138198
0.775968
1.022125
1.011675
1.017216
0.774989
0.998599
0.894299
1.080381
0.946587
1.189119
1.074582
0.940805
0.923982
1.005112
0.926382
1.022650
1.217935
0.457101
1.093564
1.023908
0.915750
0.867942
0.932147
0.621322
0.761745
1.022770
0.963892
1.243369
1.075294
0.760474
1.046593
1.053814
0.934948
0.927247
0.875374
0.924774
0.791809
1.266275
1.045251
0.911650
1.284184
1.185284
1.032488
1.259524
1.001647
1.007533
1.253641
0.883290
0.970966
0.920839
0.919668
1.067924
1.057681
1.075070
0.824656
0.927416
1.117075
0.849632
0.727130
0.990329
1.086919
0.888338
1.024329
0.942949
0.938487
0.686550
1.148658
1.190796
1.086997
1.284453
1.140945
0.647959
1.252136
0.980597
0.766977
1.125979
0.945857
1.070191
0.951739
1.167300
0.894501
1.051948
0.956394
1.155251
1.174358
1.174706
1.021715
1.237089
1.294405
0.918544
1.189436
0.891524
1.232669
1.137239
1.158801
0.891713
0.648518
0.987839
0.912893
1.256649
0.617192
0.717004
1.298247
0.960303
0.783321
0.745661
0.966208
0.973703
1.010527
1.035761
0.964631
1.101276
0.991870
0.966870
1.266383
0.853963
1.102633
0.673614
0.981199
1.006594
1.057472
1.050064
1.015852
0.876485
0.896183
1.024981
1.073836
1.195360
1.084539
0.929271
1.187802
1.147287
0.961294
0.876217
0.987603
1.059019
1.137712
1.164667
1.176722
1.249544
1.028232
0.893284
1.006131
1.179912
0.966030
0.950804
1.062401
0.846700
0.945858
0.857027
1.381189
1.171126
1.222140
1.394065
0.895914
0.753293
1.169823
0.857626
0.550623
0.869015
0.977849
1.012721
1.168025
0.829807
1.157029
1.041054
0.802144
1.004737
0.876476
1.173366
0.729890
0.650938
1.506733
1.004311
0.787875
1.097487
1.076302
0.859992
0.876618
0.796380
0.785604
0.862713
0.776927
0.850452
0.949105
1.020201
0.832443
0.852893
1.150936
1.035124
1.069687
0.978518
1.081093
1.084938
0.867057
1.139003
0.996800
0.989877
0.838869
0.846648
0.972411
0.939826
1.074223
1.287375
0.901537
1.019439
1.129211
0.614650
0.897397
0.522071
1.267069
0.845499
1.207771
1.092169
0.934848
0.901165
0.803881
0.580157
0.870004
1.203359
1.080000
1.234582
1.078871
1.116976
1.086953
0.874794
0.800081
1.027351
0.902545
1.322712
1.051121
0.959515
1.267879
0.938945
1.140927
1.163954
0.991546
0.802060
0.850830
1.176644
1.014697
1.297474
0.999498
1.088419
0.914106
0.952367
0.867853
0.948272
1.121879
1.093362
0.922371
1.040342
0.833138
1.064514
0.636995
1.142402
0.927706
1.227394
0.976623
1.029339
0.975135
1.311364
0.946966
1.242431
1.100949
0.732028
1.052198
1.137774
1.152249
0.948237
1.127859
0.841870
1.198935
0.819123
1.038163
0.761279
1.117956
0.754957
0.706797
0.879996
0.942234
1.598517
1.084057
1.033873
0.824218
0.678472
0.906029
0.927351
0.981471
0.953584
0.791548
1.160286
1.096685
1.241233
1.110678
1.010182
0.905122
1.175377
0.968067
0.920702
0.890169
0.972962
0.710361
0.916094
0.975680
1.178773
1.180598
1.051117
1.069243
1.330656
0.820461
0.931192
1.029555
1.157562
0.825309
0.905418
0.905171
0.947447
1.238094
0.707530
1.036285
1.040277
0.831095
1.085448
0.986596
0.865480
1.078984
0.968126
0.965700
0.862569
0.879554
1.159749
1.233446
1.271684
0.879111
0.842740
1.332512
1.115903
1.179088
0.980313
1.099150
0.805847
0.928133
1.241367
1.023513
1.071197
0.864526
0.948262
0.925996
0.994334
1.093619
1.030201
1.175494
0.767546
0.771272
1.143708
0.873737
0.934070
0.460382
0.939123
1.155424
0.966119
1.078085
0.925245
1.108314
0.882718
1.127934
1.208179
1.104668
1.367754
1.004256
1.342603
1.114405
1.075322
0.802073
1.150500
1.112453
0.792113
1.230866
0.864767
0.921388
0.792809
0.863922
0.868406
1.156701
0.976093
0.942960
0.991689
0.815643
1.101056
0.855622
1.121610
1.451826
0.644652
1.087238
1.230341
0.778135
1.135585
0.874682
1.086023
1.020293
1.119870
0.907096
1.088179
0.734642
1.084513
1.045191
0.846017
1.038774
0.924639
1.021050
0.790312
1.046529
1.166376
0.946459
0.847655
0.971061
0.690549
0.851026
0.944329
0.917723
0.830761
1.085936
1.062676
0.802779
0.949305
1.297773
1.022139
1.210805
0.744588
1.095896
0.978177
0.942629
1.029402
0.850645
1.041812
1.056336
1.369652
1.139598
0.859427
0.971455
1.054519
1.038999
1.023170
1.055562
1.137959
1.040185
0.826015
0.491955
0.999448
0.889490
1.334794
1.154859
0.666776
1.113921
0.943310
1.114817
1.035091
0.443079
1.117632
0.916764
1.141485
0.826922
1.097950
1.163195
1.097183
0.946561
0.729383
0.936258
0.978133
1.150342
0.852516
0.646209
0.802461
0.948519
0.906521
1.003597
1.174373
1.114643
0.978972
1.204340
1.034587
0.986298
1.084820
1.127308
1.130683
1.290505
1.250009
1.013455
1.130903
1.072316
1.048768
0.863826
0.938107
0.750573
0.886555
0.975887
0.893374
1.212864
1.316004
0.814788
1.103035
1.398622
1.174456
0.970668
0.932168
1.116575
1.183395
0.599742
1.202361
1.178165
0.924491
1.112679
0.969016
0.895108
0.926669
0.848148
0.970305
1.060922
1.090182
0.786094
0.895478
1.148081
1.177175
1.033884
0.864915
0.829299
1.129290
0.932965
0.878952
1.055292
1.123628
1.210787
0.975014
1.027565
0.982873
0.996869
0.780111
0.896857
0.889479
1.302220
0.929939
0.683792
1.249595
0.922813
1.177302
0.682342
0.789997
1.420045
0.743054
1.207923
0.913318
0.763232
1.106869
0.753027
0.939116
1.145018
1.174241
1.027199
1.024031
0.572878
1.030143
1.122058
0.985687
1.070688
1.049661
1.081481
0.887881
0.824796
0.960267
0.886769
1.273838
1.117837
0.963772
0.861766
0.927087
1.054994
1.017754
1.032747
0.794514
0.877532
0.900391
0.945757
1.149755
1.151229
1.208946
0.641403
0.862810
1.038243
0.447265
1.336655
0.816216
1.042530
0.819028
1.097162
0.649488
1.168777
0.931642
0.947056
1.071037
1.133502
1.285367
0.920920
0.995381
1.248480
0.795643
1.006913
0.930682
0.654093
1.104455
1.146815
1.116434
1.377786
1.074467
1.036663
1.100317
1.032420
0.729266
1.024829
0.892303
1.074496
1.382537
0.637656
1.237267
0.975993
1.055646
1.026975
1.028212
1.022558
0.619467
1.143579
1.048572
0.911667
0.773865
0.861139
0.450559
1.064053
1.176778
0.652553
0.957911
0.895956
1.244313
0.891447
0.909507
0.700837
1.079734
1.029983
1.275220
1.058909
1.097563
1.250908
0.859955
0.694585
1.184412
0.684785
0.933477
1.118614
1.342903
1.280836
1.089859
0.920557
1.119224
1.005849
0.998608
1.120465
1.144011
1.013919
1.176046
0.953059
1.232046
1.191847
1.031113
1.139434
1.000580
1.081628
1.322944
1.218212
1.412578
1.003910
1.111829
0.875815
1.108986
0.897681
0.819447
1.016368
1.092633
1.192075
1.308098
1.349383
0.856839
0.931641
0.926628
1.046060
0.843094
1.207665
1.136357
1.073689
0.917771
1.159476
1.265432
